







                                                                                                         66048764
                                                                                                      75938242194892
                                                                                                    411578156593877840
                                                                                           80      160975351393328711587
                                                                                          148418  58398947196593423209471  122018
                                                                                       6848339694775159179533041352560123098910139
                                                                                          91615109032173008691413145620870916345
                                                                                              792302258419720769845642807150
                                                                                             8423759459924661093523376960696
                                                                                            027142787890075470638120665030089
                                                                                            131934421761047142851240003485590
                                                                                           97765823694022455515900422945682417
                                                                                           30428146546118775517176045229611133
        060168847                                                                         793615349263511087317643039213765821
        9 7296 68                                                               757      7389305550824926947118013204075227586
       88  091 89                                                        1634896769930   0248945174466602234500762791256097670
       17 2009 92                                               51853671097         951 94264183067537510074089933188684126961
       16  11  62                                            0766075                    4151 150552035192303104509322717542035
       57 4485 29                                         11894                  26223 5833  245602906112648629645137580660657
       35 4712 14                                      18927                  62662375 8257  173407970341489267173864014004689
       67  14  54                                    3910                     14485183 2164  482983816864475922116697284576377
       85  707 42                                   709                       305  760811605 019044329431675625662728523275667
       63  373 90                                 603                          12502394 918  4567088697747354000250402163 968
       37  35  91                               915                         5875  40803 51385 33444864753048107770677711 1312
       63  791 68                            6023                       732 45561849834  78978443 01912633408860164195384331
   84  53  574  9                          2208                      8559026228 123793 3 2365992     71908957740382778514296
 3546  03  053  5                         734           524         05980 2507    0  0300 3510  5  623      7  625425 6606
 4887  09  166  2                       082             9821        532 30282169 197299 0456007 1542     7 385      2654760
  484  87       0                      898               40  7616   570040494 3885643195398 522509       09255          445769
  620  29   07250                     74              931864282129188966444  0644  8 88 55  3620         82                 9657
       08   69305                   823               570393 426 1973781 327166446 59514   070           43                   666
  609  75    92 9                  45                067820 19550131 8705056246292648022 270              8                   0862
  59   11    82 4                345              448727820928051379378 252780818501 1695975               6                  8512
  502  20593 0604               609              25160 75  99449762074361 51      10 5026905      787     7                  1086
  40   8115517028             400                65 2822223 9507603345235326   7592690 290622     005    80                  001
  992  26 066  95           325                    838612695166376 36376 91448580997340 956180    260                       666
  179   7 22 57629         48                  1  55 25780342954  60486  064635221952069 671168    82     2                 2323                      082
  759   4516425858        26                  843656784661220998 13998    1492610 01 5751759473           2                 8818                     2028
  693   76409 2 62       79                   0619653870791487867423    8524927 1176968 1473142           5                  1202                   9830
  06    8971785510      33                    74 43075851149 635623    437546 9 216587355645641      7    4     17           2532                5731667
  87     99368473      58                     01 7563  6090614352125  03006  80219931730896182       33  66     70   6        3609              4095557
  298                 14                      11 4029 2639 536881817187727   85264619 85373576         070      8673          6347              7237457
  92                 81                       348102505927  6367326058352    889962   97939703          79      58             3000           237931864
  57                32                         58576 75712    31267835 00   63 169 96830287468           8                      119         703695410390
                   98                           52741 9743   668539410 2   59 97  18765601692      2    01                      6304        461545938805
                 880                             2704525198 61491819270835183236  3 9752458  3  3752480 15     45                019        0412438857168
                86                                11975243 6400041558403824906649 34587716  52 80376031412     270               5861       8374466702853
             3234                                   228   48023623829238407306268636887121  8010367465641      2933              0081      73729840925554
8420739  657472                   74                    559669684933634828298887 546478034  7103914032 92      594 00092           436   75519610209845
  363522729986                 93 00                  69028 1645930525477954172184869762     962191     2      7     41644         158 810090216670521
693036009628                  46  68            0    78282  392197444360081042282150525      911        5      3      47577        8811576687868132685
2122069118              49  457  695           97853 806 55 803917156938088109505254776                 0                         375207826497307992975
   95692              8663564    334          3895739    5925324828917732959   3187346                  4      8           3       56500339287148476560
10524                987486   75311       1   8098 59 19   30014196299  8344   22 932                   2     34           74     29431262390 587241949
302                  3906     227808    5327   573 43157   45894348612   61    91 827                   2     64           83     2  1  4756  805668289
                    20497 8963736118    6187 2033  31 966183833713182    93    89 8969                  6     47           90       55  3037  383023771
    9446    54      191759   913 2 6307 4285 21855 1 5334866602714283 9  75    29    2                  9     64           31       22  786   2047915117
  3800917 49486     23 19     82 73 0329229     9211  41 49794960127055 46     60                      43     31           92       38  37    5046988259                                                               8
 63     417434 41 5270670 4     896 7998  3 204164  37 7 4 862974203541 06     4                       59     35            6       2    13 577256665911           8                                                 721
   086  736160492448185020155 73359 748  27601015348184118940312722742790     86                       0      11            4       1     63463798852609                                                            693
    4585774542237505794301 78 2369  5820 767 7503931 72 1886943160875039      46                       7      84            1       01     5666347680647                                                           26
      6699 4785  4692506774135360   952271 12 90 320 866246748027211744       4                       60      94                571043748   361600150440  00                                                      90
  292719208211    1913176117782 8125 68218083 16  58589864391296545850       0                        0       24                3221772442   0255318  7                                                          24
  53193561 468505360684240  415  60432458127  3999164040092526 39830837879 95                         5       51               06527369039    7662266 73                                                        41
2 90421242648658 677149544 4698   078 83   64  60068140076858787879290953461312 9     7              2                       757274758305  84689  142822                                                       15
3007719802792 941452750511914495 20 76 63 16  4  76762  6363412755475327253721899752152              4         5             11 6554    503 4228 273184   1                                                   06
16772201 216914199134  6287452642213  85715  864702   52733 127615315233985759784409924              3        88             147210788899     866595357 2807                                                 20
1802 10543103 2568956360939070623  1925447  58 675 4 8478565 640374662273293148   8  29 27           1        73             621080119          22   935511                                                 67
25983 939979 41261  322445275811 60035 6356915179  7436055218470922895716 47406 071245  49           2        77             09               5  260  4                                                    29
21687  826528592113 13730654594 78 0476370896 53   954224 3156244926012661193813578912  29           9        9            0  7                43807                                                     100
932738  4991258095483940965154 5149   25009606369 74  02978100126692381006 6426056838   59           3        0            6 78                035729                                              33   031          455
4229640  619726 36628795098338673918122 405129892864    05208379460394351475404154 35   33           3        3           61  8                   425                                             608 0861           43
84118685221442743893173564512758   21767594724061792116341 6 948090668533211892457 83  62           99        2           52  0521                                                               85931817         89745
913064853954172017454  70553555  63069846908150621 2084353913 65 4017463270202901  5  033           7         4           4   9585                                                              79  8032           33121
 09819967760985832948  469807993 648415948 477194 516501591839000471807  34844369 774509           99        41               51  26                                                           745493 28           77471
     1280455506524708   845495150 792594470 72353 1067690500 74327168      04120 0468941           5         79                5  45                                                          308378 06            50831
    83085 2397876274205454360012959 2008292122826605459039055 519551         63 5942382           92         8             1         5998                                                  91925474 72          66515  2
 42 5 715   545263329796930 52076910649360 9369779666042251897 29632           40757583           4         90             7         24350                                               49630396249            83269757
9 20966    5424746 937327706 3846144223422539 920124944204951645988           41880056           9          7                             5 931   66                                   19485 200265              055 899
6  81 19   83   35 8620105 36    9163511243236  6330846 3819554837            9390914           61          0                         1   5 51  9413                                  491167253232            090 778836
  3  3915  2 417 737473 7293965  646229 871395 94047363 495050609            80006947           50          8                         61    640 500                                 51908 1980399             6411212833
7946 3088 71 32671331267649380862  79204 697796583148835 438644             65531443             1          3                    68 25 367   348 5    61                            97712184406            630 9 206 656
60479901 02    9832562  8473142933 200744  8067920208651507834             606772318             8         18                3 8654 39  0     54 199 217                           07 54620822            6349890030   9
54794485521 78 11225638455 480816196711726268056442197859380              3786288034             8         34                08546           20  3943 74                         006680215634             68592153066453
83999073   342273013666029440934761951753990157344101963737               868722087              1         65                 219        957937602448                           46 907174785        79   1436757  2   75
14939 2841208987874206546000361067 93140279010427233380077               521090036               4          0                  741     82155838993 884                         83225114668        4821 561206
8094953000035114470 163449912815545 016454027533165812293               8148605379              93          7                    8    173   5955   990                         6156653256     684 3 316323056         11
98  9052257654456272726855102553145 90178930  771313393                5504405905               26          1                    68  277      850                             50177 038     0161627 9949 6080      93292
72 7308 08776475 99812907774630056739908395   3248826                 91463195626                           8                     7146         556                         56403   75       315  06  6396       365103
41  3413239654 2387027910474388254225645776297346                     6705750575                71          1                     844            96                   57157680  6850         50978963048839  831861804 5
507 28909996474 983423373 345395216339936274911                   43 005174476438589156 51829    7          99                    68  54    82    2121          40 38568518   9703           86066988311   5684377    29
 94 88751055728401727482291382701855653167998                     19 99740587184195092 425736580    5       59                    73 769    956    67327       030702128    3116     3   80  26216583   70113  81181910
  247982449 9935427253329676092904 106023413                         0976673415765900 19977   3780430 3 584                        0653335   09   1  0135    9186432     77739       188 2159   21 46432133  44012874  2
  11398332 73797156 82069929265883   35397                  069  70 8535205718964982  30713749   4409541090  70                    2104411 139905599   7089764903      5552   63 60 0498342906430092792395 4681  873 440
    59494345  844671163234587796387513                    97491  0013865811747704887 59728307933930   416565296726                 230577154924038443171875248      10335   8255343 8064464100923808299422 97   07  948
      351332248747435327          7                      2836 6  4 35472667639049807 90699200942104504 61665332976578              2914791248385695157012244232 558339   0838   752677378643187694511237820728720 323
         9055745955                  14 617              959 56 11 02895301814664570 34565011059204949385833297621465546            5306251238274907782861993768583      004962339698220319039110332   35686159 156
                                     1   8501           044021   5 5427633116279878820107235901884245616048 46957400721034          318338 46477996330352430866     85324   120502181101269407139        98803209
                        74           49    928     9    651   2182 720904314477349867473986166315930810653356107644694692201        20595876360586799694991        242 8986429146469073843098    416565963500198
                       6165           355    55   25514 5442696 39 13472424003551704273351147746598211264189482763544524314665      711832739540205749    4   520942077167107634297715684    7775941111367 197        08
      2268            52  52           37     62  152 71250144    42936780469145886441734703010562401147426454669849763274219224 44 15   1 03  19  5 804 97612433952000310714  385623     889276308996972698         812
   925929659          66   4          366      96  83710 9780555794 981014243119304641890023162995133791838727953214780636792608083 8950218132653163237964524465333626       432    05     590437202835 76           382
  278      920         9   06        203963     70  688 1  470570    722957501390164315357868336177073033498217966200117911365409897   88  5154040065079523            28992 4772342132147750235300429 07      459164565
  65  53    847      3004  52        9 9 746 30 28          42 6      494051955859383408258394536586556643814157287814321458058025719 36340              0       95    89450890963774260336114152611  31       23385 183
   43834  139731 950 9423  08     798593      6295            8827     13757964207401905876971305645895252151456159268445290137153472 63  8887           2727785 9803215  6  769   8609522429271959  93 8965298978166457
      95671277 7232152       982  987338   672 098         4481  07460 470877985768490113334582863381050246702591426677592355929665586 271  4630  873400  49009385 551894020   18519          4259    390685666718074151
           7 5866  189    0 2665 009252    749754          1527  07645 30539813642069597296438459569996163037583837731224520998626704754 696  8167430  649 79976559  2 5497283417241258790892634          09505513186069
             432   81    58 338626 04   4107 445     06    09 0  39  021 3866511351228378991698385486719061548005213580583935  110157  6675502   718526  507 69257735990  93813192673499107002      0723620          328
         031 280 36  87 90   7864072731 3705 61   626 98   6  426 8  481  61 508746977578830533446644 20329738877098700913      91832   69423499744243863  30   82495343089174830566785644845   94005165977582 206931234
     479 43408239559     371 743 660606    1      7 3502   7 8768 02 23  71018 0085150378193440        37235007586         008  02 81378  883 037020273 71586979331467624494033370165170577  04943         2984481166
     8159  4467766641288 899605 268  40 5000 3531 3   039  9258 8 4617  26 9052975   0043              898269797335        795  868  46447  910046863069805 73585990037674491041138953276   150        1211676257  083 4
   593268944168514539651 070314 194 6041 963 85 327    18  61 828173252904660 3817    237   70         614396311163       40158 3906    0212  1753924 1654598 13366291334646006640610190  400          68982711906333011
  337585590 6669765203366274   8806530  6521356 552393616 9893 4 029  4558596 72 513  5530581549       0142744181929      11839  028      51129252 4874   3804353675409243442352811759    13  4204001445662981967549
 71761614742692963 2281335 447789 05446 8 790460 3    134  8 306 19831  41966  17 10    425733453      2           2      73722  540        24178836 37805  1649917531210615951 2548      1825622054334708481903  296027
67875877141631151666357058 24490 20  2845 6946  3357   520 4243896167766103403 9226  23 698020092      4           44      96311 043880581    8539817   778997997391 8809 00696730                     506   93791914962
4302 683502676164043269253      805   660315   278181 785702 8  2737 264807 23712  69136 744811766     32           51     04351 23860401969168880911316999065960784570404432438      1337610822126883773314290644 88489
764 8561  91712 55164624849   0848273 6034941 972   9 415022   65 50125560519 959  527 19872767847     36           50     76294        53132960754571005 4693 639  191 490645      6256991865451927331720925     043218
57919950   051167 695499903 4 3808708 00125778  1 6 287  2572170   7691079119272  90 1 065515679103    1             27     0768                       29026118833901109535     152539                  0887192957282752
024553 49645907424307470153 983636124142829766638  1165476656       763014 580545 7199209 163043416   64              10    34801                      89423334113710725     66572  990363148194763631 60155422903140326
 9651791679012 7643642117042262316232759910606445     88                81351 5 038619    181940609   86               61    5372 013828         4           97 32671     4461        886591          124379337393346488
3497992730 517627 0073398360373888658 71073138724         198       80   50429185687999   411753018   68                93    95  67546716843322575744075593502315     62316 954952609  210703837556855931442
